tensor([[     0.0219899602,      0.0147438971,     -0.0308883656,     -0.0798131078,      0.0063795266,     -0.0338826962,      0.0013319977,     -0.0380623750,      0.0055128038,      0.0230048858,
             -0.0024448158,     -0.0345719941,     -0.0074470863,      0.0110314023,     91.0648651123,     89.7466278076,      0.8999999762,     -1.5000000000,     -0.6999999881,     -0.0000000006,
              0.0017247550,     -0.0026614103,     -0.0000000003],
        [     0.0204473697,      0.0149290105,     -0.0305500329,     -0.0925920531,      0.0063795266,     -0.0329080075,      0.0018382241,     -0.0479271673,      0.0049292794,      0.0260446370,
              0.0021961809,     -0.0390366949,     -0.0086142235,      0.0095189912,     90.6778411865,     89.4266891479,      0.8999999762,     -1.5000000000,     -0.6999999881,     -0.0000000004,
              0.0009897145,     -0.0018477314,     -0.0000000003],
        [     0.0285459645,      0.0165950265,     -0.0261517093,     -0.0891068876,      0.0063795266,     -0.0290092397,      0.0046505933,     -0.0485074483,      0.0037622314,      0.0249047298,
             -0.0007044420,     -0.0384414010,     -0.0068635172,      0.0099580782,     90.8068466187,     88.9574356079,      0.8999999762,     -1.5000000000,     -0.6999999881,     -0.0000000006,
              0.0027048092,     -0.0026614103,     -0.0000000003],
        [     0.0250751376,      0.0180759300,     -0.0325800292,     -0.0937537700,      0.0076113204,     -0.0314459689,      0.0025131926,     -0.0398032218,      0.0039567393,      0.0233848542,
              0.0004558071,     -0.0357625820,     -0.0074470863,      0.0116168521,     90.2908096313,     89.3200378418,      0.8999999762,     -1.5000000000,     -0.6999999881,     -0.0000000004,
              0.0002546741,     -0.0018477314,     -0.0000000002],
        [     0.0254607853,      0.0169652533,     -0.0332566947,     -0.0949154943,      0.0076113204,     -0.0333953500,      0.0022882032,     -0.0493778698,      0.0046375175,      0.0230048858,
             -0.0076659368,     -0.0371019915,     -0.0094895763,      0.0118120015,     91.0648651123,     89.2133941650,      0.8999999762,     -1.5000000000,     -0.6999999881,     -0.0000000005,
              0.0000096606,     -0.0020850543,     -0.0000000001],
        [     0.0277746692,      0.0141885588,     -0.0270821229,     -0.0949154943,      0.0042238878,     -0.0314459689,      0.0033569033,     -0.0508285761,      0.0033732152,      0.0214850102,
             -0.0146274315,     -0.0388878696,     -0.0106567144,      0.0088847540,     90.4843292236,     89.3840255737,      0.8999999762,     -1.5000000000,     -0.6999999881,     -0.0000000006,
             -0.0007253800,     -0.0020511511,     -0.0000000002],
        [     0.0250751376,      0.0152992364,     -0.0306346174,     -0.0937537700,      0.0051477328,     -0.0304712784,      0.0034131508,     -0.0560511127,      0.0039567393,      0.0237648226,
             -0.0088261859,     -0.0382925794,     -0.0115320673,      0.0113729145,     90.7423400879,     88.9361114502,      0.8999999762,     -1.5000000000,     -0.6999999881,     -0.0000000004,
             -0.0012154069,     -0.0013052790,     -0.0000000001],
        [     0.0219899602,      0.0165950265,     -0.0275050402,     -0.0949154943,      0.0069954237,     -0.0304712784,      0.0045380984,     -0.0473468825,      0.0035677233,      0.0218649786,
             -0.0094063105,     -0.0369531699,     -0.0115320673,      0.0110314023,     90.4198226929,     89.5333328247,      0.8999999762,     -1.5000000000,     -0.6999999881,     -0.0000000004,
             -0.0012154069,     -0.0008984396,     -0.0000000002],
        [     0.0235325489,      0.0173354782,     -0.0291967019,     -0.0937537700,      0.0042238878,     -0.0372941159,      0.0019507188,     -0.0537299849,      0.0027896911,      0.0249047298,
             -0.0111466842,     -0.0362090506,     -0.0097813606,      0.0107386773,     90.6778411865,     88.8294601440,      0.8999999762,     -1.5000000000,     -0.6999999881,     -0.0000000004,
             -0.0026854880,     -0.0019155380,     -0.0000000003],
        [     0.0216043126,      0.0182610434,     -0.0302117001,     -0.0972389430,      0.0073033720,     -0.0324206613,      0.0037506351,     -0.0464764610,      0.0045402637,      0.0233848542,
             -0.0088261859,     -0.0354649350,     -0.0083224392,      0.0139098614,     90.2908096313,     89.5120010376,      0.8999999762,     -1.5000000000,     -0.6999999881,     -0.0000000006,
             -0.0002353529,     -0.0025257971,     -0.0000000002],
        [     0.0235325489,      0.0160396881,     -0.0321148224,     -0.0972389430,      0.0094590113,     -0.0329080075,      0.0043693562,     -0.0473468825,      0.0018171510,      0.0211050399,
             -0.0053454386,     -0.0368043445,     -0.0094895763,      0.0103483777,     89.3877563477,     89.1280746460,      0.8999999762,     -1.5000000000,     -0.6999999881,     -0.0000000005,
              0.0007447011,     -0.0019494413,     -0.0000000003],
        [     0.0227612536,      0.0162248015,     -0.0266592074,     -0.0914303288,      0.0094590113,     -0.0290092397,      0.0052130669,     -0.0438651927,      0.0020116591,      0.0218649786,
             -0.0099864351,     -0.0354649350,     -0.0121156359,      0.0125926007,     89.9682922363,     89.3413696289,      0.8999999762,     -1.5000000000,     -0.6999999881,     -0.0000000004,
              0.0067475317,     -0.0001525674,     -0.0000000001],
        [     0.0297029056,      0.0169652533,     -0.0312266983,     -0.0925920531,      0.0060715782,     -0.0343700424,     -0.0010866397,     -0.0514088571,      0.0014281350,      0.0184452590,
             -0.0099864351,     -0.0357625820,     -0.0138663417,      0.0122023011,     90.3553161621,     89.6826400757,      0.8999999762,     -1.5000000000,     -0.6999999881,     -0.0000000006,
              0.0060124914,     -0.0013730855,     -0.0000000003],
        [     0.0258464329,      0.0156694613,     -0.0321148224,     -0.0972389430,      0.0057636299,     -0.0280345492,      0.0021757083,     -0.0479271673,      0.0022061670,      0.0218649786,
             -0.0140473070,     -0.0342743509,     -0.0100731449,      0.0102020148,     90.6778411865,     89.6826400757,      0.8999999762,     -1.5000000000,     -0.6999999881,     -0.0000000006,
              0.0014797415,     -0.0020511511,     -0.0000000002],
        [     0.0227612536,      0.0167801399,     -0.0276742056,     -0.0960772187,      0.0076113204,     -0.0333953500,      0.0017257293,     -0.0467666015,      0.0024979291,      0.0226249155,
             -0.0117268087,     -0.0388878696,     -0.0083224392,      0.0131780496,     89.9682922363,     89.4480133057,      0.8999999762,     -1.5000000000,     -0.6999999881,     -0.0000000005,
             -0.0002353529,     -0.0015426019,     -0.0000000002],
        [     0.0192904286,      0.0158545747,     -0.0302117001,     -0.0960772187,      0.0100749079,     -0.0333953500,      0.0012757502,     -0.0427046306,      0.0011363729,      0.0195851643,
             -0.0082460614,     -0.0369531699,     -0.0103649301,      0.0148368236,     89.3877563477,     89.0427551270,      0.8999999762,     -1.5000000000,     -0.6999999881,     -0.0000000004,
             -0.0014604204,     -0.0008645363,     -0.0000000003],
        [     0.0270033740,      0.0164099131,     -0.0325800292,     -0.1018858254,      0.0073033720,     -0.0285218954,      0.0020632136,     -0.0424144901,      0.0012336269,      0.0211050399,
             -0.0123069333,     -0.0372508131,     -0.0097813606,      0.0118120015,     90.1618041992,     89.2987060547,      0.8999999762,     -1.5000000000,     -0.6999999881,     -0.0000000005,
              0.0052774507,     -0.0005594067,     -0.0000000001],
        [     0.0258464329,      0.0186312683,     -0.0251367111,     -0.0960772187,      0.0057636299,     -0.0333953500,      0.0009945134,     -0.0418342054,      0.0012336269,      0.0203451030,
             -0.0134671824,     -0.0341255255,     -0.0109484987,      0.0123974513,     90.3553161621,     89.7252960205,      0.8999999762,     -1.5000000000,     -0.6999999881,     -0.0000000004,
              0.0031948362,     -0.0009323428,     -0.0000000002],
        [     0.0223756060,      0.0173354782,     -0.0325800292,     -0.0949154943,      0.0073033720,     -0.0343700424,      0.0004320396,     -0.0421243459,      0.0019144050,      0.0233848542,
             -0.0181081798,     -0.0356137604,     -0.0115320673,      0.0152271232,     90.0327987671,     89.2560501099,      0.8999999762,     -1.5000000000,     -0.6999999881,     -0.0000000005,
             -0.0007253800,     -0.0008984396,     -0.0000000002],
        [     0.0262320805,      0.0165950265,     -0.0349483602,     -0.0949154943,      0.0088431146,     -0.0299839322,      0.0038631298,     -0.0418342054,      0.0009418649,      0.0211050399,
             -0.0111466842,     -0.0357625820,     -0.0115320673,      0.0129829003,     90.1618041992,     89.6186523438,      0.8999999762,     -1.5000000000,     -0.6999999881,     -0.0000000006,
              0.0009897145,     -0.0010679560,     -0.0000000002],
        [     0.0246894900,      0.0173354782,     -0.0295350347,     -0.1030475497,      0.0045318361,     -0.0314459689,      0.0027381822,     -0.0363215283,      0.0023034210,      0.0161654446,
             -0.0140473070,     -0.0321908221,     -0.0065717329,      0.0130804749,     89.9682922363,     89.7892837524,      0.8999999762,     -1.5000000000,     -0.6999999881,     -0.0000000004,
              0.0029498227,     -0.0016782150,     -0.0000000002],
        [     0.0227612536,      0.0180759300,     -0.0259825420,     -0.0949154943,      0.0076113204,     -0.0353447348,      0.0027381822,     -0.0427046306,      0.0024006751,      0.0218649786,
             -0.0152075561,     -0.0378461070,     -0.0091977920,      0.0137634994,     90.0327987671,     89.0427551270,      0.8999999762,     -1.5000000000,     -0.6999999881,     -0.0000000004,
              0.0046649170,     -0.0004237936,      0.0000000000],
        [     0.0243038442,      0.0162248015,     -0.0313958637,     -0.0891068876,      0.0073033720,     -0.0392435007,      0.0025131926,     -0.0392229371,      0.0022061670,      0.0218649786,
             -0.0140473070,     -0.0372508131,     -0.0089060077,      0.0149343982,     89.7747802734,     89.9812545776,      0.8999999762,     -1.5000000000,     -0.6999999881,     -0.0000000004,
             -0.0007253800,     -0.0010001494,     -0.0000000001],
        [     0.0270033740,      0.0173354782,     -0.0329183638,     -0.1053709909,      0.0119225988,     -0.0333953500,      0.0058880355,     -0.0444454737,      0.0022061670,      0.0199651346,
             -0.0123069333,     -0.0396319889,     -0.0100731449,      0.0135683492,     89.7747802734,     89.7679595947,      0.8999999762,     -1.5000000000,     -0.6999999881,     -0.0000000004,
             -0.0002353529,     -0.0015086986,     -0.0000000002],
        [     0.0258464329,      0.0171503648,     -0.0285200365,     -0.0972389430,      0.0106908046,     -0.0363194272,      0.0049880776,     -0.0456060395,      0.0016226430,      0.0135056628,
             -0.0140473070,     -0.0350184664,     -0.0118238516,      0.0124218445,     90.0972976685,     89.8532714844,      0.8999999762,     -1.5000000000,     -0.6999999881,     -0.0000000006,
             -0.0009703934,     -0.0013052790,     -0.0000000001],
        [     0.0227612536,      0.0197419468,     -0.0298733674,     -0.0949154943,      0.0113067012,     -0.0363194272,      0.0047068405,     -0.0447356142,      0.0018171510,      0.0211050399,
             -0.0123069333,     -0.0351672880,     -0.0115320673,      0.0118120015,     90.0327987671,     89.3413696289,      0.8999999762,     -1.5000000000,     -0.6999999881,     -0.0000000004,
             -0.0012154069,     -0.0013730855,     -0.0000000002],
        [     0.0250751376,      0.0190014951,     -0.0304654501,     -0.0937537700,      0.0094590113,     -0.0382688083,      0.0029631718,     -0.0421243459,      0.0016226430,      0.0195851643,
             -0.0111466842,     -0.0360602289,     -0.0109484987,      0.0115192765,     90.4198226929,     89.6399765015,      0.8999999762,     -1.5000000000,     -0.6999999881,     -0.0000000004,
             -0.0007253800,     -0.0008306330,     -0.0000000002],
        [     0.0227612536,      0.0158545747,     -0.0298733674,     -0.1042092741,      0.0076113204,     -0.0353447348,      0.0012757502,     -0.0415440649,      0.0022061670,      0.0184452590,
             -0.0204286780,     -0.0330837630,     -0.0094895763,      0.0135683492,     89.6457672119,     89.2773818970,      0.8999999762,     -1.5000000000,     -0.6999999881,     -0.0000000005,
             -0.0012154069,     -0.0001525674,     -0.0000000002],
        [     0.0235325489,      0.0186312683,     -0.0329183638,     -0.0984006599,      0.0063795266,     -0.0343700424,      0.0043131090,     -0.0427046306,      0.0021089131,      0.0199651346,
             -0.0169479307,     -0.0333814099,     -0.0074470863,      0.0122023011,     90.1618041992,     89.3840255737,      0.8999999762,     -1.5000000000,     -0.6999999881,     -0.0000000005,
             -0.0002353529,     -0.0009662461,     -0.0000000001],
        [     0.0258464329,      0.0191866066,     -0.0322416984,     -0.1007241085,      0.0079192687,     -0.0382688083,      0.0013882450,     -0.0464764610,      0.0009418649,      0.0264246054,
             -0.0099864351,     -0.0344231725,     -0.0103649301,      0.0135683492,     89.4522552490,     89.7039718628,      0.8999999762,     -1.5000000000,     -0.6999999881,     -0.0000000006,
              0.0007447011,     -0.0007628264,     -0.0000000001],
        [     0.0216043126,      0.0162248015,     -0.0288583692,     -0.1123413220,      0.0082272170,     -0.0368067697,      0.0016694820,     -0.0429947712,      0.0007473568,      0.0256646667,
             -0.0111466842,     -0.0360602289,     -0.0121156359,      0.0125926007,     90.2908096313,     89.3840255737,      0.8999999762,     -1.5000000000,     -0.6999999881,     -0.0000000006,
             -0.0004803664,     -0.0010340527,     -0.0000000001],
        [     0.0235325489,      0.0190014951,     -0.0275050402,     -0.1053709909,      0.0057636299,     -0.0421675742,      0.0011632555,     -0.0519891381,      0.0021089131,      0.0230048858,
             -0.0146274315,     -0.0357625820,     -0.0089060077,      0.0129341129,     90.3553161621,     89.5973205566,      0.8999999762,     -1.5000000000,     -0.6999999881,     -0.0000000005,
              0.0007447011,     -0.0006272133,     -0.0000000001]])